online_filters= 
number: 0
order: 1
g: 0.010416
sos: -1.988441 0.988474 -1.886469 0.889682
